 6  112  8  112  -120.470238
 0	-0.000000000000000   
 1	0.993605404075609   
 2	-0.000000000000000   
 3	-0.000000000829275   
 4	-0.000000000000154   
 5	-0.000000001436021   
 6	-0.000000000309668   
 7	0.000000000000052   
 8	-0.000000000000000   
 9	-0.000000000000000   
 10	-0.000000000000000   
 11	-0.000000000000000   
 12	0.000000000000000   
 13	-0.000000000000000   
 14	-0.000000000000000   
 15	-0.000000000000000   
 16	-0.000000000000000   
 17	0.000000000000000   
 18	0.000000000000000   
 19	-0.112590959354760   
 20	-0.000000000000000   
 21	-0.000000000000000   
 22	0.000000000000000   
 23	-0.000000000000000   
 24	0.000000000000000   
 25	0.000000000000000   
 26	-0.000000000000000   
 27	0.000000000000000   
 28	-0.000000000000000   
 29	0.000000000000000   
 30	-0.000000000000000   
 31	0.000000000000000   
 32	0.000000000000000   
 33	-0.000000000000000   
 34	0.000000000000000   
 35	0.000000000098524   
 36	0.000000000000026   
 37	0.000000000170595   
 38	0.000000000030666   
 39	-0.000000000000000   
 40	0.000000000000000   
 41	0.000000000000000   
 42	0.000000000000000   
 43	0.000000000000000   
 44	0.000000000000000   
 45	-0.000000000000000   
 46	-0.000000000000000   
 47	-0.000000000000000   
 48	-0.000000000000000   
 49	0.000000000000000   
 50	0.000000000000000   
 51	0.000000000000000   
 52	0.000000000000000   
 53	0.000000000000000   
 54	0.000000000000000   
 55	-0.000000000000000   
 56	0.000000000000000   
 57	-0.000000000000000   
 58	-0.000000000000000   
 59	0.000000000000000   
 60	0.000000000000000   
 61	0.000000000000000   
 62	-0.000000000000000   
 63	0.000000000000000   
 64	-0.000000000000000   
 65	-0.000000000000000   
 66	-0.000000000000000   
 67	0.000000000000000   
 68	0.000000000000000   
 69	-0.008460311065180   
 70	0.000000000000000   
 71	0.000000000000000   
 72	0.000000000000000   
 73	-0.000000000000000   
 74	-0.000000000000000   
 75	0.000000000000000   
 76	-0.000000000000000   
 77	0.000000000000000   
 78	0.000000000000000   
 79	0.000000000000000   
 80	-0.000000000000000   
 81	0.000000000000000   
 82	-0.000000000000000   
 83	0.000000000000000   
 84	-0.000000000000000   
 85	-0.000000000000000   
 86	-0.000000000000000   
 87	-0.000000000000000   
 88	0.000000000000000   
 89	0.000000000000000   
 90	0.000000000000000   
 91	-0.000000000000000   
 92	-0.000000000000000   
 93	-0.000000000000000   
 94	0.000000000000000   
 95	0.000000000000000   
 96	-0.000000000000000   
 97	-0.000000000000000   
 98	-0.000000000000000   
 99	-0.000000000000000   
 100	-0.000000000000000   
 101	0.000000000000000   
 102	-0.000000000000000   
 103	0.000000000000000   
 104	0.000000000000000   
 105	-0.000000000000000   
 106	-0.000000000000000   
 107	0.000000000014822   
 108	0.000000000000007   
 109	0.000000000025658   
 110	0.000000000003887   
 111	0.000000000000000   
 112	-0.993605404075610   
 113	-0.000000000000000   
 114	0.000000001436346   
 115	0.000000000000154   
 116	0.000000000829087   
 117	-0.000000000000000   
 118	0.000000000000052   
 119	-0.000000000309793   
 120	0.000000000000000   
 121	0.000000000000000   
 122	0.000000000000000   
 123	-0.000000000000000   
 124	0.000000000000000   
 125	0.000000000000000   
 126	-0.000000000000000   
 127	-0.000000000000000   
 128	0.000000000000000   
 129	-0.000000000000000   
 130	0.112590959354761   
 131	0.000000000000000   
 132	0.000000000000000   
 133	-0.000000000000000   
 134	0.000000000000000   
 135	-0.000000000000000   
 136	-0.000000000000000   
 137	0.000000000000000   
 138	-0.000000000000000   
 139	-0.000000000000000   
 140	-0.000000000000000   
 141	-0.000000000000000   
 142	0.000000000000000   
 143	0.000000000000000   
 144	-0.000000000000000   
 145	0.000000000000000   
 146	-0.000000000170648   
 147	-0.000000000000025   
 148	-0.000000000098493   
 149	-0.000000000000000   
 150	-0.000000000000000   
 151	0.000000000030667   
 152	0.000000000000000   
 153	-0.000000000000000   
 154	0.000000000000000   
 155	-0.000000000000000   
 156	0.000000000000000   
 157	0.000000000000000   
 158	0.000000000000000   
 159	-0.000000000000000   
 160	-0.000000000000000   
 161	0.000000000000000   
 162	-0.000000000000000   
 163	-0.000000000000000   
 164	-0.000000000000000   
 165	0.000000000000000   
 166	0.000000000000000   
 167	-0.000000000000000   
 168	-0.000000000000000   
 169	0.000000000000000   
 170	-0.000000000000000   
 171	-0.000000000000000   
 172	-0.000000000000000   
 173	0.000000000000000   
 174	-0.000000000000000   
 175	0.000000000000000   
 176	-0.000000000000000   
 177	-0.000000000000000   
 178	0.000000000000000   
 179	-0.000000000000000   
 180	0.008460311065180   
 181	0.000000000000000   
 182	0.000000000000000   
 183	0.000000000000000   
 184	-0.000000000000000   
 185	-0.000000000000000   
 186	0.000000000000000   
 187	0.000000000000000   
 188	-0.000000000000000   
 189	-0.000000000000000   
 190	0.000000000000000   
 191	0.000000000000000   
 192	0.000000000000000   
 193	0.000000000000000   
 194	-0.000000000000000   
 195	0.000000000000000   
 196	0.000000000000000   
 197	-0.000000000000000   
 198	0.000000000000000   
 199	0.000000000000000   
 200	0.000000000000000   
 201	0.000000000000000   
 202	-0.000000000000000   
 203	0.000000000000000   
 204	0.000000000000000   
 205	-0.000000000000000   
 206	-0.000000000000000   
 207	0.000000000000000   
 208	0.000000000000000   
 209	-0.000000000000000   
 210	0.000000000000000   
 211	-0.000000000000000   
 212	-0.000000000000000   
 213	-0.000000000000000   
 214	0.000000000000000   
 215	0.000000000000000   
 216	0.000000000000000   
 217	0.000000000000000   
 218	-0.000000000025673   
 219	-0.000000000000007   
 220	-0.000000000014813   
 221	-0.000000000000000   
 222	-0.000000000000000   
 223	0.000000000003887   
 224	-0.000000000000000   
 225	-0.000000001294464   
 226	0.239288750640463   
 227	-0.105406668346663   
 228	-0.414532576438599   
 229	-0.842156188189095   
 230	-0.000000000000001   
 231	-0.000000000000000   
 232	-0.000000000150639   
 233	0.000000000051436   
 234	0.000000000095245   
 235	0.000000000203941   
 236	0.000000000202142   
 237	0.000000000530511   
 238	0.000000000012368   
 239	0.000000000084388   
 240	0.000000000084631   
 241	-0.000000000048813   
 242	-0.000000000000020   
 243	0.000000000413851   
 244	-0.000000000000000   
 245	0.000000000000000   
 246	0.000000000000000   
 247	0.000000000000000   
 248	0.000000000000000   
 249	0.000000000000000   
 250	-0.000000000000000   
 251	0.000000000000000   
 252	0.000000000000000   
 253	0.000000000000000   
 254	0.000000000000000   
 255	0.000000000000000   
 256	0.000000000000000   
 257	-0.000000000000000   
 258	-0.054974084040404   
 259	0.024216077975245   
 260	0.095234517433964   
 261	0.193476563109377   
 262	0.000000000000000   
 263	0.000000000000000   
 264	-0.000000000000000   
 265	0.000000000000000   
 266	-0.000000000000000   
 267	0.000000000000000   
 268	-0.000000000000000   
 269	-0.000000000000000   
 270	-0.000000000000000   
 271	0.000000000000000   
 272	-0.000000000000000   
 273	-0.000000000000000   
 274	-0.000000000000000   
 275	-0.000000000000000   
 276	-0.000000000000000   
 277	0.000000000000000   
 278	0.000000000000000   
 279	-0.000000000000000   
 280	-0.000000000000000   
 281	0.000000000000000   
 282	0.000000000021011   
 283	-0.000000000007172   
 284	-0.000000000013288   
 285	-0.000000000028450   
 286	-0.000000000028195   
 287	-0.000000000073973   
 288	0.000000000000443   
 289	0.000000000003026   
 290	0.000000000003035   
 291	-0.000000000001751   
 292	0.000000000000001   
 293	-0.000000000006064   
 294	0.000000000000000   
 295	0.000000000000000   
 296	-0.000000000000000   
 297	-0.000000000000000   
 298	-0.000000000000000   
 299	0.000000000000000   
 300	0.000000000000000   
 301	-0.000000000000000   
 302	0.000000000000000   
 303	0.000000000000000   
 304	0.000000000000000   
 305	-0.000000000000000   
 306	-0.000000000000000   
 307	-0.000000000000000   
 308	-0.000000000000000   
 309	-0.000000000000000   
 310	0.000000000000000   
 311	-0.000000000000000   
 312	-0.000000000000000   
 313	-0.000000000000000   
 314	0.000000000000000   
 315	0.000000000000000   
 316	-0.000000000000000   
 317	-0.000000000000000   
 318	-0.000000000000000   
 319	0.000000000000000   
 320	0.000000000000000   
 321	0.000000000000000   
 322	-0.000000000000000   
 323	0.000000000000000   
 324	0.000000000000000   
 325	0.000000000000000   
 326	0.000000000000000   
 327	0.000000000000000   
 328	0.000000000000000   
 329	-0.000000000000000   
 330	-0.005236426933770   
 331	0.002306645488566   
 332	0.009071339719809   
 333	0.018429154460757   
 334	0.000000000000000   
 335	0.000000000000000   
 336	0.000000001613029   
 337	0.000000000000147   
 338	0.843892184225188   
 339	0.000088492845597   
 340	0.487113896046585   
 341	0.000000000421816   
 342	-0.000000000000000   
 343	-0.000000000000002   
 344	-0.000000000531252   
 345	0.000000000000087   
 346	-0.000000000336068   
 347	0.000000000000062   
 348	-0.000000000237689   
 349	-0.000000000000000   
 350	-0.000000000000072   
 351	0.000000000033154   
 352	0.000000000000024   
 353	0.000000000057287   
 354	-0.000000000515753   
 355	-0.000000000000071   
 356	-0.000000000000000   
 357	-0.000000000000000   
 358	-0.000000000000000   
 359	0.000000000000000   
 360	-0.000000000000000   
 361	0.000000000000000   
 362	-0.000000000000000   
 363	0.000000000000000   
 364	0.000000000000000   
 365	0.000000000000000   
 366	-0.000000000000000   
 367	0.000000000000000   
 368	-0.000000000000000   
 369	0.000000000000000   
 370	-0.193875390015057   
 371	-0.000020330304362   
 372	-0.111909315364135   
 373	-0.000000000096908   
 374	0.000000000000000   
 375	0.000000000000000   
 376	-0.000000000000000   
 377	-0.000000000000000   
 378	-0.000000000000000   
 379	0.000000000000000   
 380	-0.000000000000000   
 381	0.000000000000000   
 382	0.000000000000000   
 383	0.000000000000000   
 384	0.000000000000000   
 385	0.000000000000000   
 386	0.000000000000000   
 387	0.000000000000000   
 388	-0.000000000000000   
 389	-0.000000000000000   
 390	0.000000000000000   
 391	-0.000000000000000   
 392	-0.000000000000000   
 393	-0.000000000000000   
 394	0.000000000074100   
 395	-0.000000000000003   
 396	0.000000000046868   
 397	-0.000000000000002   
 398	0.000000000033143   
 399	-0.000000000000000   
 400	-0.000000000000003   
 401	0.000000000001189   
 402	0.000000000000001   
 403	0.000000000002054   
 404	0.000000000007558   
 405	0.000000000000002   
 406	-0.000000000000000   
 407	0.000000000000000   
 408	-0.000000000000000   
 409	0.000000000000000   
 410	-0.000000000000000   
 411	0.000000000000000   
 412	0.000000000000000   
 413	-0.000000000000000   
 414	-0.000000000000000   
 415	-0.000000000000000   
 416	0.000000000000000   
 417	0.000000000000000   
 418	0.000000000000000   
 419	-0.000000000000000   
 420	0.000000000000000   
 421	0.000000000000000   
 422	0.000000000000000   
 423	0.000000000000000   
 424	0.000000000000000   
 425	-0.000000000000000   
 426	-0.000000000000000   
 427	0.000000000000000   
 428	-0.000000000000000   
 429	-0.000000000000000   
 430	-0.000000000000000   
 431	0.000000000000000   
 432	-0.000000000000000   
 433	0.000000000000000   
 434	-0.000000000000000   
 435	-0.000000000000000   
 436	0.000000000000000   
 437	0.000000000000000   
 438	-0.000000000000000   
 439	0.000000000000000   
 440	-0.000000000000000   
 441	0.000000000000000   
 442	-0.018467143778584   
 443	-0.000001936515272   
 444	-0.010659658334314   
 445	-0.000000000009231   
 446	0.000000000000000   
 447	0.000000000000000   
 448	-0.000000000000000   
 449	0.000000000093225   
 450	0.306381642339610   
 451	-0.626053409881520   
 452	-0.530671931945815   
 453	0.426624767221650   
 454	0.000000000000001   
 455	0.000000000000002   
 456	-0.000000000192875   
 457	0.000000000305328   
 458	0.000000000121827   
 459	0.000000000130980   
 460	0.000000000259009   
 461	-0.000000000268750   
 462	0.000000000073540   
 463	0.000000000108049   
 464	-0.000000000135160   
 465	-0.000000000062378   
 466	-0.000000000000001   
 467	-0.000000000029739   
 468	-0.000000000000000   
 469	0.000000000000000   
 470	0.000000000000000   
 471	0.000000000000000   
 472	0.000000000000000   
 473	-0.000000000000000   
 474	0.000000000000000   
 475	-0.000000000000000   
 476	0.000000000000000   
 477	0.000000000000000   
 478	-0.000000000000000   
 479	0.000000000000000   
 480	-0.000000000000000   
 481	0.000000000000000   
 482	-0.070387973146810   
 483	0.143829213352031   
 484	0.121916317865298   
 485	-0.098012571607262   
 486	-0.000000000000000   
 487	-0.000000000000000   
 488	-0.000000000000000   
 489	0.000000000000000   
 490	-0.000000000000000   
 491	0.000000000000000   
 492	-0.000000000000000   
 493	-0.000000000000000   
 494	0.000000000000000   
 495	0.000000000000000   
 496	-0.000000000000000   
 497	-0.000000000000000   
 498	-0.000000000000000   
 499	-0.000000000000000   
 500	-0.000000000000000   
 501	0.000000000000000   
 502	0.000000000000000   
 503	-0.000000000000000   
 504	0.000000000000000   
 505	0.000000000000000   
 506	0.000000000026902   
 507	-0.000000000042585   
 508	-0.000000000017003   
 509	-0.000000000018266   
 510	-0.000000000036111   
 511	0.000000000037474   
 512	0.000000000002637   
 513	0.000000000003875   
 514	-0.000000000004847   
 515	-0.000000000002237   
 516	0.000000000000000   
 517	0.000000000000435   
 518	-0.000000000000000   
 519	-0.000000000000000   
 520	0.000000000000000   
 521	0.000000000000000   
 522	-0.000000000000000   
 523	-0.000000000000000   
 524	-0.000000000000000   
 525	0.000000000000000   
 526	-0.000000000000000   
 527	-0.000000000000000   
 528	-0.000000000000000   
 529	0.000000000000000   
 530	-0.000000000000000   
 531	0.000000000000000   
 532	0.000000000000000   
 533	-0.000000000000000   
 534	-0.000000000000000   
 535	0.000000000000000   
 536	0.000000000000000   
 537	0.000000000000000   
 538	-0.000000000000000   
 539	0.000000000000000   
 540	-0.000000000000000   
 541	0.000000000000000   
 542	0.000000000000000   
 543	0.000000000000000   
 544	-0.000000000000000   
 545	-0.000000000000000   
 546	0.000000000000000   
 547	-0.000000000000000   
 548	0.000000000000000   
 549	0.000000000000000   
 550	-0.000000000000000   
 551	0.000000000000000   
 552	-0.000000000000000   
 553	0.000000000000000   
 554	-0.006704640647192   
 555	0.013700113058838   
 556	0.011612851795161   
 557	-0.009335956728904   
 558	-0.000000000000000   
 559	-0.000000000000000   
 560	0.000000000000000   
 561	0.000000000957581   
 562	0.293515142040197   
 563	0.739175573569514   
 564	-0.508629600144757   
 565	0.241243107335552   
 566	0.000000000000003   
 567	0.000000000000000   
 568	-0.000000000184775   
 569	-0.000000000360398   
 570	0.000000000117048   
 571	-0.000000000303163   
 572	0.000000000248224   
 573	-0.000000000151970   
 574	-0.000000000086876   
 575	0.000000000103512   
 576	0.000000000072020   
 577	-0.000000000059800   
 578	-0.000000000000067   
 579	-0.000000000306146   
 580	-0.000000000000000   
 581	-0.000000000000000   
 582	-0.000000000000000   
 583	-0.000000000000000   
 584	0.000000000000000   
 585	-0.000000000000000   
 586	0.000000000000000   
 587	-0.000000000000000   
 588	0.000000000000000   
 589	0.000000000000000   
 590	0.000000000000000   
 591	-0.000000000000000   
 592	0.000000000000000   
 593	-0.000000000000000   
 594	-0.067432029472598   
 595	-0.169817845566339   
 596	0.116852323015417   
 597	-0.055423077020279   
 598	-0.000000000000001   
 599	-0.000000000000000   
 600	-0.000000000000000   
 601	0.000000000000000   
 602	-0.000000000000001   
 603	-0.000000000000000   
 604	0.000000000000000   
 605	0.000000000000000   
 606	0.000000000000000   
 607	0.000000000000000   
 608	-0.000000000000000   
 609	0.000000000000000   
 610	-0.000000000000000   
 611	-0.000000000000000   
 612	-0.000000000000000   
 613	0.000000000000000   
 614	-0.000000000000000   
 615	-0.000000000000000   
 616	0.000000000000000   
 617	0.000000000000000   
 618	0.000000000025773   
 619	0.000000000050272   
 620	-0.000000000016319   
 621	0.000000000042268   
 622	-0.000000000034609   
 623	0.000000000021190   
 624	-0.000000000003115   
 625	0.000000000003712   
 626	0.000000000002583   
 627	-0.000000000002144   
 628	0.000000000000002   
 629	0.000000000004486   
 630	0.000000000000000   
 631	0.000000000000000   
 632	-0.000000000000000   
 633	0.000000000000000   
 634	0.000000000000000   
 635	-0.000000000000000   
 636	-0.000000000000000   
 637	-0.000000000000000   
 638	0.000000000000000   
 639	0.000000000000000   
 640	0.000000000000000   
 641	0.000000000000000   
 642	0.000000000000000   
 643	-0.000000000000000   
 644	-0.000000000000000   
 645	-0.000000000000000   
 646	-0.000000000000000   
 647	-0.000000000000000   
 648	-0.000000000000000   
 649	-0.000000000000000   
 650	0.000000000000000   
 651	0.000000000000000   
 652	0.000000000000000   
 653	-0.000000000000000   
 654	-0.000000000000000   
 655	-0.000000000000000   
 656	0.000000000000000   
 657	0.000000000000000   
 658	0.000000000000000   
 659	-0.000000000000000   
 660	-0.000000000000000   
 661	0.000000000000000   
 662	0.000000000000000   
 663	-0.000000000000000   
 664	0.000000000000000   
 665	-0.000000000000000   
 666	-0.006423079192544   
 667	-0.016175599027805   
 668	0.011130492889374   
 669	-0.005279194702873   
 670	-0.000000000000000   
 671	-0.000000000000000   
 672	0.000000000000001   
 673	-0.956187554649228   
 674	0.000000000000001   
 675	0.000000004327574   
 676	0.000000000002406   
 677	0.000000007490523   
 678	0.000000033567548   
 679	0.000000000006721   
 680	-0.000000000000000   
 681	0.000000000000000   
 682	0.000000000000000   
 683	0.000000000000001   
 684	-0.000000000000001   
 685	0.000000000000000   
 686	0.000000000000000   
 687	0.000000000000000   
 688	0.000000000000001   
 689	-0.000000000000000   
 690	-0.000000000000001   
 691	0.291187413564717   
 692	0.000000000000000   
 693	0.000000000000000   
 694	-0.000000000000000   
 695	0.000000000000000   
 696	-0.000000000000000   
 697	-0.000000000000000   
 698	-0.000000000000000   
 699	-0.000000000000000   
 700	0.000000000000000   
 701	-0.000000000000000   
 702	0.000000000000000   
 703	-0.000000000000000   
 704	-0.000000000000000   
 705	0.000000000000000   
 706	-0.000000000000000   
 707	-0.000000000735542   
 708	-0.000000000000195   
 709	-0.000000001273588   
 710	-0.000000002285909   
 711	-0.000000000000359   
 712	-0.000000000000000   
 713	-0.000000000000000   
 714	-0.000000000000000   
 715	0.000000000000000   
 716	-0.000000000000000   
 717	0.000000000000000   
 718	0.000000000000000   
 719	-0.000000000000000   
 720	-0.000000000000000   
 721	-0.000000000000000   
 722	0.000000000000000   
 723	-0.000000000000000   
 724	-0.000000000000000   
 725	0.000000000000000   
 726	-0.000000000000000   
 727	-0.000000000000000   
 728	0.000000000000000   
 729	-0.000000000000000   
 730	-0.000000000000000   
 731	-0.000000000000000   
 732	-0.000000000000000   
 733	0.000000000000000   
 734	-0.000000000000000   
 735	0.000000000000000   
 736	-0.000000000000000   
 737	0.000000000000000   
 738	0.000000000000000   
 739	-0.000000000000000   
 740	-0.000000000000000   
 741	0.030253107533275   
 742	0.000000000000000   
 743	-0.000000000000000   
 744	0.000000000000000   
 745	0.000000000000000   
 746	0.000000000000000   
 747	-0.000000000000000   
 748	-0.000000000000000   
 749	0.000000000000000   
 750	-0.000000000000000   
 751	0.000000000000000   
 752	-0.000000000000000   
 753	-0.000000000000000   
 754	-0.000000000000000   
 755	-0.000000000000000   
 756	0.000000000000000   
 757	0.000000000000000   
 758	0.000000000000000   
 759	-0.000000000000000   
 760	0.000000000000000   
 761	0.000000000000000   
 762	0.000000000000000   
 763	0.000000000000000   
 764	-0.000000000000000   
 765	0.000000000000000   
 766	-0.000000000000000   
 767	0.000000000000000   
 768	-0.000000000000000   
 769	-0.000000000000000   
 770	0.000000000000000   
 771	-0.000000000000000   
 772	0.000000000000000   
 773	-0.000000000000000   
 774	0.000000000000000   
 775	-0.000000000000000   
 776	-0.000000000000000   
 777	0.000000000000000   
 778	-0.000000000000000   
 779	-0.000000000052872   
 780	-0.000000000000011   
 781	-0.000000000091554   
 782	0.000000000159751   
 783	0.000000000000045   
 784	0.956187554649228   
 785	0.000000000000001   
 786	-0.000000007495578   
 787	-0.000000000002406   
 788	-0.000000004324656   
 789	0.000000000000000   
 790	0.000000000006720   
 791	0.000000033551246   
 792	-0.000000000000000   
 793	-0.000000000000001   
 794	-0.000000000000001   
 795	0.000000000000000   
 796	-0.000000000000000   
 797	-0.000000000000000   
 798	0.000000000000000   
 799	0.000000000000000   
 800	-0.000000000000000   
 801	0.000000000000000   
 802	-0.291187413564717   
 803	-0.000000000000000   
 804	-0.000000000000000   
 805	-0.000000000000000   
 806	-0.000000000000000   
 807	0.000000000000000   
 808	0.000000000000000   
 809	0.000000000000000   
 810	0.000000000000000   
 811	-0.000000000000000   
 812	-0.000000000000000   
 813	0.000000000000000   
 814	-0.000000000000000   
 815	-0.000000000000000   
 816	0.000000000000000   
 817	-0.000000000000000   
 818	0.000000001273996   
 819	0.000000000000194   
 820	0.000000000735306   
 821	0.000000000000000   
 822	-0.000000000000359   
 823	-0.000000002285038   
 824	-0.000000000000000   
 825	0.000000000000000   
 826	-0.000000000000000   
 827	0.000000000000000   
 828	-0.000000000000000   
 829	0.000000000000000   
 830	-0.000000000000000   
 831	-0.000000000000000   
 832	0.000000000000000   
 833	-0.000000000000000   
 834	-0.000000000000000   
 835	-0.000000000000000   
 836	-0.000000000000000   
 837	0.000000000000000   
 838	0.000000000000000   
 839	0.000000000000000   
 840	-0.000000000000000   
 841	0.000000000000000   
 842	-0.000000000000000   
 843	-0.000000000000000   
 844	-0.000000000000000   
 845	0.000000000000000   
 846	-0.000000000000000   
 847	-0.000000000000000   
 848	0.000000000000000   
 849	0.000000000000000   
 850	-0.000000000000000   
 851	0.000000000000000   
 852	-0.030253107533275   
 853	-0.000000000000000   
 854	0.000000000000000   
 855	0.000000000000000   
 856	-0.000000000000000   
 857	-0.000000000000000   
 858	-0.000000000000000   
 859	0.000000000000000   
 860	0.000000000000000   
 861	-0.000000000000000   
 862	0.000000000000000   
 863	-0.000000000000000   
 864	0.000000000000000   
 865	0.000000000000000   
 866	-0.000000000000000   
 867	0.000000000000000   
 868	-0.000000000000000   
 869	-0.000000000000000   
 870	-0.000000000000000   
 871	-0.000000000000000   
 872	0.000000000000000   
 873	0.000000000000000   
 874	0.000000000000000   
 875	0.000000000000000   
 876	-0.000000000000000   
 877	0.000000000000000   
 878	-0.000000000000000   
 879	0.000000000000000   
 880	0.000000000000000   
 881	0.000000000000000   
 882	0.000000000000000   
 883	-0.000000000000000   
 884	-0.000000000000000   
 885	0.000000000000000   
 886	-0.000000000000000   
 887	-0.000000000000000   
 888	0.000000000000000   
 889	-0.000000000000000   
 890	0.000000000091578   
 891	0.000000000000011   
 892	0.000000000052859   
 893	-0.000000000000000   
 894	0.000000000000045   
 895	0.000000000159642   
 896	0.000000031677019   
 897	-0.000000000012898   
 898	0.000000000000006   
 899	0.000000000000010   
 900	0.000000000000014   
 901	-0.000000000000009   
 902	-0.000203182063752   
 903	-0.998379111681520   
 904	0.000000000000000   
 905	0.000000000000000   
 906	0.000000000000001   
 907	-0.000000000000001   
 908	-0.000000000000000   
 909	0.000000000000000   
 910	0.000000000000515   
 911	0.000000001460502   
 912	0.000000000000737   
 913	0.000000002528741   
 914	-0.000000011347864   
 915	0.000000000004233   
 916	0.000000000000000   
 917	0.000000000000000   
 918	0.000000000000000   
 919	0.000000000000000   
 920	0.000000000000000   
 921	-0.000000000000000   
 922	0.000000000000000   
 923	-0.000000000000000   
 924	0.000000000000000   
 925	0.000000000000000   
 926	0.000000000000000   
 927	0.000000000000000   
 928	-0.000000000000000   
 929	0.000000000000000   
 930	-0.000000000000000   
 931	-0.000000000000000   
 932	-0.000000000000001   
 933	0.000000000000001   
 934	0.000011485003175   
 935	0.056434052571635   
 936	-0.000000000000000   
 937	-0.000000000000000   
 938	-0.000000000000000   
 939	0.000000000000000   
 940	-0.000000000000000   
 941	0.000000000000000   
 942	-0.000000000000000   
 943	-0.000000000000000   
 944	0.000000000000000   
 945	-0.000000000000000   
 946	0.000000000000000   
 947	0.000000000000000   
 948	0.000000000000000   
 949	0.000000000000000   
 950	-0.000000000000000   
 951	-0.000000000000000   
 952	0.000000000000000   
 953	-0.000000000000000   
 954	0.000000000000000   
 955	0.000000000000000   
 956	0.000000000000000   
 957	-0.000000000000000   
 958	-0.000000000000000   
 959	0.000000000000000   
 960	0.000000000000060   
 961	0.000000000169261   
 962	0.000000000000131   
 963	0.000000000292965   
 964	-0.000000001106261   
 965	0.000000000000406   
 966	0.000000000000000   
 967	0.000000000000000   
 968	-0.000000000000000   
 969	0.000000000000000   
 970	-0.000000000000000   
 971	-0.000000000000000   
 972	0.000000000000000   
 973	0.000000000000000   
 974	0.000000000000000   
 975	-0.000000000000000   
 976	0.000000000000000   
 977	0.000000000000000   
 978	-0.000000000000000   
 979	-0.000000000000000   
 980	0.000000000000000   
 981	-0.000000000000000   
 982	0.000000000000000   
 983	-0.000000000000000   
 984	-0.000000000000000   
 985	0.000000000000000   
 986	0.000000000000000   
 987	0.000000000000000   
 988	0.000000000000000   
 989	0.000000000000000   
 990	0.000000000000000   
 991	0.000000000000000   
 992	-0.000000000000000   
 993	-0.000000000000000   
 994	0.000000000000000   
 995	-0.000000000000000   
 996	-0.000000000000000   
 997	0.000000000000000   
 998	0.000000000000000   
 999	0.000000000000000   
 1000	-0.000000000000000   
 1001	0.000000000000000   
 1002	0.000000000000000   
 1003	0.000000000000000   
 1004	0.000000000000000   
 1005	-0.000000000000000   
 1006	-0.000001499727636   
 1007	-0.007369236816223   
 1008	0.000000000000000   
 1009	0.000000031692656   
 1010	0.000000000000010   
 1011	0.000000000000032   
 1012	-0.000000000000011   
 1013	0.000000000000009   
 1014	0.998379111681521   
 1015	-0.000203182063752   
 1016	0.000000000000000   
 1017	0.000000000000000   
 1018	-0.000000000000001   
 1019	-0.000000000000001   
 1020	-0.000000000000000   
 1021	-0.000000000000000   
 1022	-0.000000002529664   
 1023	-0.000000000000142   
 1024	-0.000000001459969   
 1025	0.000000000000515   
 1026	-0.000000000000388   
 1027	-0.000000011352527   
 1028	-0.000000000000000   
 1029	-0.000000000000000   
 1030	0.000000000000000   
 1031	0.000000000000000   
 1032	-0.000000000000000   
 1033	0.000000000000000   
 1034	0.000000000000000   
 1035	-0.000000000000000   
 1036	-0.000000000000000   
 1037	-0.000000000000000   
 1038	-0.000000000000000   
 1039	0.000000000000000   
 1040	-0.000000000000000   
 1041	-0.000000000000000   
 1042	-0.000000000000000   
 1043	-0.000000000000002   
 1044	0.000000000000001   
 1045	-0.000000000000000   
 1046	-0.056434052571635   
 1047	0.000011485003175   
 1048	0.000000000000000   
 1049	-0.000000000000000   
 1050	-0.000000000000000   
 1051	-0.000000000000000   
 1052	0.000000000000000   
 1053	-0.000000000000000   
 1054	0.000000000000000   
 1055	-0.000000000000000   
 1056	-0.000000000000000   
 1057	0.000000000000000   
 1058	-0.000000000000000   
 1059	0.000000000000000   
 1060	-0.000000000000000   
 1061	0.000000000000000   
 1062	0.000000000000000   
 1063	0.000000000000000   
 1064	-0.000000000000000   
 1065	0.000000000000000   
 1066	-0.000000000000000   
 1067	0.000000000000000   
 1068	-0.000000000000000   
 1069	-0.000000000000000   
 1070	0.000000000000000   
 1071	-0.000000000000000   
 1072	-0.000000000293169   
 1073	-0.000000000000062   
 1074	-0.000000000169144   
 1075	0.000000000000060   
 1076	-0.000000000000044   
 1077	-0.000000001106699   
 1078	-0.000000000000000   
 1079	-0.000000000000000   
 1080	0.000000000000000   
 1081	0.000000000000000   
 1082	0.000000000000000   
 1083	-0.000000000000000   
 1084	-0.000000000000000   
 1085	0.000000000000000   
 1086	-0.000000000000000   
 1087	0.000000000000000   
 1088	-0.000000000000000   
 1089	-0.000000000000000   
 1090	0.000000000000000   
 1091	-0.000000000000000   
 1092	0.000000000000000   
 1093	0.000000000000000   
 1094	0.000000000000000   
 1095	0.000000000000000   
 1096	-0.000000000000000   
 1097	-0.000000000000000   
 1098	-0.000000000000000   
 1099	-0.000000000000000   
 1100	-0.000000000000000   
 1101	-0.000000000000000   
 1102	-0.000000000000000   
 1103	-0.000000000000000   
 1104	0.000000000000000   
 1105	-0.000000000000000   
 1106	0.000000000000000   
 1107	0.000000000000000   
 1108	-0.000000000000000   
 1109	-0.000000000000000   
 1110	-0.000000000000000   
 1111	0.000000000000000   
 1112	-0.000000000000000   
 1113	-0.000000000000000   
 1114	0.000000000000000   
 1115	0.000000000000000   
 1116	-0.000000000000000   
 1117	0.000000000000000   
 1118	0.007369236816223   
 1119	-0.000001499727635   
 1120	0.000000007601836   
 1121	0.000000000002396   
 1122	0.862612118698683   
 1123	0.000313860160189   
 1124	0.497648631232939   
 1125	-0.000000006956301   
 1126	-0.000000000000003   
 1127	0.000000000000012   
 1128	-0.000000002937823   
 1129	-0.000000000001275   
 1130	-0.000000001856950   
 1131	-0.000000000000900   
 1132	-0.000000001312289   
 1133	0.000000000000000   
 1134	-0.000000000000067   
 1135	0.000000000291975   
 1136	0.000000000000320   
 1137	0.000000000504963   
 1138	-0.000000005051557   
 1139	-0.000000000001005   
 1140	-0.000000000000000   
 1141	-0.000000000000000   
 1142	-0.000000000000000   
 1143	-0.000000000000000   
 1144	-0.000000000000000   
 1145	0.000000000000000   
 1146	-0.000000000000000   
 1147	0.000000000000000   
 1148	0.000000000000000   
 1149	0.000000000000000   
 1150	-0.000000000000000   
 1151	0.000000000000000   
 1152	-0.000000000000000   
 1153	0.000000000000000   
 1154	-0.078429436688769   
 1155	-0.000028536436052   
 1156	-0.045246642112351   
 1157	0.000000000632473   
 1158	0.000000000000000   
 1159	-0.000000000000001   
 1160	-0.000000000000000   
 1161	-0.000000000000000   
 1162	-0.000000000000000   
 1163	0.000000000000000   
 1164	-0.000000000000000   
 1165	0.000000000000000   
 1166	0.000000000000000   
 1167	0.000000000000000   
 1168	0.000000000000000   
 1169	-0.000000000000000   
 1170	0.000000000000000   
 1171	0.000000000000000   
 1172	-0.000000000000000   
 1173	-0.000000000000000   
 1174	0.000000000000000   
 1175	-0.000000000000000   
 1176	-0.000000000000000   
 1177	-0.000000000000000   
 1178	0.000000000017431   
 1179	-0.000000000000024   
 1180	0.000000000011044   
 1181	-0.000000000000017   
 1182	0.000000000007824   
 1183	-0.000000000000000   
 1184	0.000000000000009   
 1185	0.000000000031121   
 1186	0.000000000000031   
 1187	0.000000000053848   
 1188	-0.000000000400751   
 1189	-0.000000000000077   
 1190	-0.000000000000000   
 1191	0.000000000000000   
 1192	-0.000000000000000   
 1193	0.000000000000000   
 1194	-0.000000000000000   
 1195	0.000000000000000   
 1196	-0.000000000000000   
 1197	-0.000000000000000   
 1198	-0.000000000000000   
 1199	-0.000000000000000   
 1200	0.000000000000000   
 1201	-0.000000000000000   
 1202	-0.000000000000000   
 1203	-0.000000000000000   
 1204	-0.000000000000000   
 1205	-0.000000000000000   
 1206	-0.000000000000000   
 1207	0.000000000000000   
 1208	0.000000000000000   
 1209	0.000000000000000   
 1210	0.000000000000000   
 1211	0.000000000000000   
 1212	-0.000000000000000   
 1213	-0.000000000000000   
 1214	-0.000000000000000   
 1215	0.000000000000000   
 1216	-0.000000000000000   
 1217	0.000000000000000   
 1218	-0.000000000000000   
 1219	-0.000000000000000   
 1220	0.000000000000000   
 1221	0.000000000000000   
 1222	-0.000000000000000   
 1223	0.000000000000000   
 1224	-0.000000000000000   
 1225	0.000000000000000   
 1226	-0.005978475456871   
 1227	-0.000002175259568   
 1228	-0.003449035856881   
 1229	0.000000000048212   
 1230	-0.000000000000000   
 1231	0.000000000000000   
 1232	-0.000000000000000   
 1233	-0.000000007586228   
 1234	-0.013580137138058   
 1235	-0.541055016175595   
 1236	0.023880706032824   
 1237	-0.835618745139169   
 1238	0.000000000000026   
 1239	0.000000000000003   
 1240	0.000000000046250   
 1241	0.000000001427346   
 1242	-0.000000000029585   
 1243	0.000000001908800   
 1244	-0.000000000062540   
 1245	0.000000002844719   
 1246	0.000000000549223   
 1247	-0.000000000041823   
 1248	0.000000000214299   
 1249	0.000000000024475   
 1250	-0.000000000000672   
 1251	0.000000005042572   
 1252	-0.000000000000000   
 1253	0.000000000000000   
 1254	0.000000000000000   
 1255	0.000000000000000   
 1256	-0.000000000000000   
 1257	0.000000000000000   
 1258	-0.000000000000000   
 1259	0.000000000000000   
 1260	0.000000000000000   
 1261	0.000000000000000   
 1262	0.000000000000000   
 1263	0.000000000000000   
 1264	0.000000000000000   
 1265	-0.000000000000000   
 1266	0.001234717763415   
 1267	0.049193188011665   
 1268	-0.002171254357880   
 1269	0.075975175918823   
 1270	-0.000000000000002   
 1271	0.000000000000000   
 1272	-0.000000000000000   
 1273	0.000000000000000   
 1274	-0.000000000000000   
 1275	0.000000000000000   
 1276	-0.000000000000000   
 1277	0.000000000000000   
 1278	-0.000000000000000   
 1279	-0.000000000000000   
 1280	-0.000000000000000   
 1281	-0.000000000000000   
 1282	0.000000000000000   
 1283	-0.000000000000000   
 1284	0.000000000000000   
 1285	0.000000000000000   
 1286	0.000000000000000   
 1287	-0.000000000000000   
 1288	-0.000000000000000   
 1289	-0.000000000000000   
 1290	-0.000000000000274   
 1291	-0.000000000008468   
 1292	0.000000000000199   
 1293	-0.000000000011355   
 1294	0.000000000000403   
 1295	-0.000000000016960   
 1296	0.000000000058581   
 1297	-0.000000000004464   
 1298	0.000000000022873   
 1299	0.000000000002625   
 1300	-0.000000000000057   
 1301	0.000000000400045   
 1302	0.000000000000000   
 1303	-0.000000000000000   
 1304	-0.000000000000000   
 1305	-0.000000000000000   
 1306	-0.000000000000000   
 1307	0.000000000000000   
 1308	0.000000000000000   
 1309	-0.000000000000000   
 1310	0.000000000000000   
 1311	-0.000000000000000   
 1312	0.000000000000000   
 1313	-0.000000000000000   
 1314	0.000000000000000   
 1315	0.000000000000000   
 1316	0.000000000000000   
 1317	0.000000000000000   
 1318	0.000000000000000   
 1319	0.000000000000000   
 1320	-0.000000000000000   
 1321	0.000000000000000   
 1322	-0.000000000000000   
 1323	0.000000000000000   
 1324	-0.000000000000000   
 1325	0.000000000000000   
 1326	0.000000000000000   
 1327	0.000000000000000   
 1328	-0.000000000000000   
 1329	0.000000000000000   
 1330	-0.000000000000000   
 1331	0.000000000000000   
 1332	0.000000000000000   
 1333	0.000000000000000   
 1334	0.000000000000000   
 1335	0.000000000000000   
 1336	0.000000000000000   
 1337	-0.000000000000000   
 1338	0.000094119378596   
 1339	0.003749870961589   
 1340	-0.000165509168971   
 1341	0.005791393432604   
 1342	0.000000000000000   
 1343	0.000000000000000   
 1344	0.000000000000000   
 1345	0.000000000223257   
 1346	-0.497217168112606   
 1347	-0.010991429233787   
 1348	0.861871163646403   
 1349	0.039828375491876   
 1350	0.000000000000014   
 1351	0.000000000000009   
 1352	0.000000001693387   
 1353	0.000000000029254   
 1354	-0.000000001072447   
 1355	-0.000000000022945   
 1356	-0.000000002272757   
 1357	-0.000000000135589   
 1358	0.000000000011013   
 1359	-0.000000001514761   
 1360	-0.000000000053391   
 1361	0.000000000874526   
 1362	-0.000000000001244   
 1363	-0.000000000147420   
 1364	-0.000000000000000   
 1365	0.000000000000000   
 1366	0.000000000000000   
 1367	-0.000000000000000   
 1368	-0.000000000000000   
 1369	0.000000000000000   
 1370	-0.000000000000000   
 1371	0.000000000000000   
 1372	-0.000000000000000   
 1373	-0.000000000000001   
 1374	-0.000000000000000   
 1375	-0.000000000000000   
 1376	0.000000000000000   
 1377	0.000000000000000   
 1378	0.045207413113887   
 1379	0.000999350211438   
 1380	-0.078362068417327   
 1381	-0.003621230198770   
 1382	-0.000000000000001   
 1383	-0.000000000000000   
 1384	-0.000000000000000   
 1385	-0.000000000000000   
 1386	0.000000000000000   
 1387	-0.000000000000000   
 1388	-0.000000000000000   
 1389	0.000000000000000   
 1390	0.000000000000000   
 1391	0.000000000000000   
 1392	0.000000000000000   
 1393	0.000000000000000   
 1394	-0.000000000000000   
 1395	-0.000000000000000   
 1396	0.000000000000000   
 1397	-0.000000000000000   
 1398	0.000000000000000   
 1399	0.000000000000000   
 1400	-0.000000000000000   
 1401	-0.000000000000000   
 1402	-0.000000000010047   
 1403	-0.000000000000156   
 1404	0.000000000006348   
 1405	0.000000000000097   
 1406	0.000000000013549   
 1407	0.000000000000808   
 1408	0.000000000001166   
 1409	-0.000000000161555   
 1410	-0.000000000005700   
 1411	0.000000000093256   
 1412	-0.000000000000105   
 1413	-0.000000000011690   
 1414	-0.000000000000000   
 1415	0.000000000000000   
 1416	0.000000000000000   
 1417	-0.000000000000000   
 1418	-0.000000000000000   
 1419	0.000000000000000   
 1420	-0.000000000000000   
 1421	0.000000000000000   
 1422	-0.000000000000000   
 1423	0.000000000000000   
 1424	0.000000000000000   
 1425	0.000000000000000   
 1426	0.000000000000000   
 1427	0.000000000000000   
 1428	-0.000000000000000   
 1429	-0.000000000000000   
 1430	-0.000000000000000   
 1431	0.000000000000000   
 1432	-0.000000000000000   
 1433	-0.000000000000000   
 1434	-0.000000000000000   
 1435	-0.000000000000000   
 1436	0.000000000000000   
 1437	0.000000000000000   
 1438	0.000000000000000   
 1439	-0.000000000000000   
 1440	-0.000000000000000   
 1441	0.000000000000000   
 1442	-0.000000000000000   
 1443	-0.000000000000000   
 1444	-0.000000000000000   
 1445	-0.000000000000000   
 1446	-0.000000000000000   
 1447	-0.000000000000000   
 1448	-0.000000000000000   
 1449	0.000000000000000   
 1450	0.003446045530615   
 1451	0.000076177911817   
 1452	-0.005973340145764   
 1453	-0.000276037120513   
 1454	0.000000000000000   
 1455	-0.000000000000000   
 1456	-0.000000000000000   
 1457	-0.000000000378202   
 1458	-0.015650120945520   
 1459	0.835997897992855   
 1460	0.026600281731580   
 1461	-0.540285979162671   
 1462	-0.000000000000022   
 1463	0.000000000000013   
 1464	0.000000000053300   
 1465	-0.000000002205410   
 1466	-0.000000000033301   
 1467	-0.000000000976960   
 1468	-0.000000000069865   
 1469	0.000000001839310   
 1470	-0.000000000848629   
 1471	-0.000000000046979   
 1472	0.000000001527958   
 1473	0.000000000027149   
 1474	0.000000000000947   
 1475	0.000000000252655   
 1476	0.000000000000000   
 1477	-0.000000000000000   
 1478	-0.000000000000000   
 1479	-0.000000000000000   
 1480	0.000000000000000   
 1481	0.000000000000000   
 1482	-0.000000000000000   
 1483	0.000000000000000   
 1484	-0.000000000000000   
 1485	-0.000000000000000   
 1486	0.000000000000000   
 1487	-0.000000000000000   
 1488	0.000000000000000   
 1489	-0.000000000000000   
 1490	0.001422922473800   
 1491	-0.076009648822796   
 1492	-0.002418520522431   
 1493	0.049123266504177   
 1494	0.000000000000002   
 1495	-0.000000000000001   
 1496	-0.000000000000000   
 1497	0.000000000000000   
 1498	0.000000000000000   
 1499	0.000000000000000   
 1500	-0.000000000000000   
 1501	0.000000000000000   
 1502	-0.000000000000000   
 1503	-0.000000000000000   
 1504	0.000000000000000   
 1505	-0.000000000000000   
 1506	-0.000000000000000   
 1507	-0.000000000000000   
 1508	0.000000000000000   
 1509	-0.000000000000000   
 1510	0.000000000000000   
 1511	-0.000000000000000   
 1512	-0.000000000000000   
 1513	-0.000000000000000   
 1514	-0.000000000000316   
 1515	0.000000000013086   
 1516	0.000000000000160   
 1517	0.000000000005840   
 1518	0.000000000000436   
 1519	-0.000000000010966   
 1520	-0.000000000090517   
 1521	-0.000000000005005   
 1522	0.000000000162950   
 1523	0.000000000002905   
 1524	0.000000000000080   
 1525	0.000000000020050   
 1526	-0.000000000000000   
 1527	-0.000000000000000   
 1528	0.000000000000000   
 1529	0.000000000000000   
 1530	0.000000000000000   
 1531	-0.000000000000000   
 1532	-0.000000000000000   
 1533	0.000000000000000   
 1534	-0.000000000000000   
 1535	0.000000000000000   
 1536	-0.000000000000000   
 1537	-0.000000000000000   
 1538	0.000000000000000   
 1539	-0.000000000000000   
 1540	0.000000000000000   
 1541	0.000000000000000   
 1542	0.000000000000000   
 1543	0.000000000000000   
 1544	-0.000000000000000   
 1545	-0.000000000000000   
 1546	-0.000000000000000   
 1547	-0.000000000000000   
 1548	0.000000000000000   
 1549	-0.000000000000000   
 1550	-0.000000000000000   
 1551	-0.000000000000000   
 1552	0.000000000000000   
 1553	0.000000000000000   
 1554	-0.000000000000000   
 1555	0.000000000000000   
 1556	-0.000000000000000   
 1557	-0.000000000000000   
 1558	0.000000000000000   
 1559	-0.000000000000000   
 1560	0.000000000000000   
 1561	-0.000000000000000   
 1562	0.000108465742530   
 1563	-0.005794021213945   
 1564	-0.000184357636568   
 1565	0.003744541023825   
 1566	-0.000000000000000   
 1567	0.000000000000000   
