99
0.0
0.01020408163265306
0.02040816326530612
0.030612244897959183
0.04081632653061224
0.0510204081632653
0.061224489795918366
0.07142857142857142
0.08163265306122448
0.09183673469387754
0.1020408163265306
0.11224489795918366
0.12244897959183673
0.13265306122448978
0.14285714285714285
0.1530612244897959
0.16326530612244897
0.17346938775510204
0.18367346938775508
0.19387755102040816
0.2040816326530612
0.21428571428571427
0.22448979591836732
0.2346938775510204
0.24489795918367346
0.25510204081632654
0.26530612244897955
0.2755102040816326
0.2857142857142857
0.29591836734693877
0.3061224489795918
0.31632653061224486
0.32653061224489793
0.336734693877551
0.3469387755102041
0.3571428571428571
0.36734693877551017
0.37755102040816324
0.3877551020408163
0.39795918367346933
0.4081632653061224
0.4183673469387755
0.42857142857142855
0.4387755102040816
0.44897959183673464
0.4591836734693877
0.4693877551020408
0.47959183673469385
0.4897959183673469
0.49999999999999994
0.5102040816326531
0.520408163265306
0.5306122448979591
0.5408163265306122
0.5510204081632653
0.5612244897959183
0.5714285714285714
0.5816326530612245
0.5918367346938775
0.6020408163265306
0.6122448979591836
0.6224489795918366
0.6326530612244897
0.6428571428571428
0.6530612244897959
0.6632653061224489
0.673469387755102
0.6836734693877551
0.6938775510204082
0.7040816326530611
0.7142857142857142
0.7244897959183673
0.7346938775510203
0.7448979591836734
0.7551020408163265
0.7653061224489796
0.7755102040816326
0.7857142857142857
0.7959183673469387
0.8061224489795917
0.8163265306122448
0.8265306122448979
0.836734693877551
0.846938775510204
0.8571428571428571
0.8673469387755102
0.8775510204081632
0.8877551020408162
0.8979591836734693
0.9081632653061223
0.9183673469387754
0.9285714285714285
0.9387755102040816
0.9489795918367346
0.9591836734693877
0.9693877551020408
0.9795918367346939
0.9897959183673468
1.0
